30,1.0942604152053599,49.86,7479,7521
60,0.923688218261276,57.58,8637,6363
90,0.7970126208150238,64.09333,9614,5386
120,0.6904409962638925,71.23333,10685,4315
150,0.6052721645075149,75.86,11379,3621
180,0.5738884114907904,76.08,11412,3588
210,0.5122543081811355,79.07333,11861,3139
240,0.496610420278128,78.78667,11818,3182
270,0.4649098833911708,80.64667,12097,2903
300,0.458751098205804,79.933334,11990,3010
330,0.3969944987398023,83.71333,12557,2443
360,0.3972377552541125,82.68,12402,2598
390,0.35229204946192105,84.90667,12736,2264
420,0.36329518341731887,84.293335,12644,2356
450,0.34825214332927323,84.67333,12701,2299
480,0.3277453865546952,85.68,12852,2148
510,0.2943729506349706,87.26666,13090,1910
540,0.2704022313711727,88.753334,13313,1687
570,0.30619494464667407,86.05334,12908,2092
600,0.28987668448080445,87.28667,13093,1907
630,0.2504854855293049,89.22667,13384,1616
660,0.27798218920450296,87.8,13170,1830
690,0.25694379733915695,88.486664,13273,1727
720,0.24545236329709513,88.92,13338,1662
750,0.24043558153920472,89.27333,13391,1609
780,0.24352023468469167,89.19333,13379,1621
810,0.2115553478341502,91.0,13650,1350
840,0.21985985110438533,90.55333,13583,1417
870,0.22503759221323927,90.240005,13536,1464
900,0.18113112548952814,92.94,13941,1059
930,0.22394238627016422,90.613335,13592,1408
960,0.20269776000904166,91.386665,13708,1292
990,0.21527368284493223,90.45333,13568,1432
1020,0.1970918380452676,91.88,13782,1218
1050,0.16288733541816452,93.52,14028,972
1080,0.19194489561319433,92.4,13860,1140
1110,0.2012059690299898,91.34,13701,1299
1140,0.17050425892041732,93.486664,14023,977
1170,0.18739582452266534,91.72,13758,1242
1200,0.17934988917479402,92.653336,13898,1102
1230,0.16827716060544,93.07333,13961,1039
1260,0.1869237990816262,92.44667,13867,1133
1290,0.14108392308818257,94.44,14166,834
1320,0.15354490635005044,94.06,14109,891
1350,0.203483738906156,91.03333,13655,1345
1380,0.15317154005380243,93.84,14076,924
1410,0.1430418569339875,94.12,14118,882
1440,0.15084803779646183,93.94666,14092,908
1470,0.16724691884870227,93.71333,14057,943
1500,0.16669286958468302,93.04666,13957,1043
1530,0.1442123846858408,94.27334,14141,859
1560,0.11924582089429085,95.42667,14314,686
1590,0.14969268252266205,93.72666,14059,941
1620,0.14141819333806024,94.03333,14105,895
1650,0.16966721250596922,92.88,13932,1068
1680,0.12308386883984962,95.066666,14260,740
1710,0.12229283208820747,95.4,14310,690
1740,0.1295822211527688,94.82667,14224,776
1770,0.13070757576318712,94.8,14220,780
1800,0.14429375918989173,94.14,14121,879
1830,0.1659616228653646,92.833336,13925,1075
1860,0.10220647966110512,96.22667,14434,566
1890,0.15113001327949946,93.74,14061,939
1920,0.13736667608468858,94.66,14199,801
1950,0.12186313892674204,95.18667,14278,722
1980,0.151326426729496,93.78,14067,933
2010,0.11587183561827318,95.47333,14321,679
2040,0.12880631399277406,94.81333,14222,778
2070,0.12686304607527818,95.10667,14266,734
2100,0.09921221892097039,96.80667,14521,479
2130,0.12478799641728587,95.066666,14260,740
2160,0.12978814219289472,94.58666,14188,812
2190,0.1217771436696901,95.17333,14276,724
2220,0.13696438901449579,94.23334,14135,865
2250,0.1026312938659698,96.32,14448,552
2280,0.12858640620703937,94.613335,14192,808
2310,0.08710762691421486,96.846664,14527,473
2340,0.13520102150878752,94.6,14190,810
2370,0.09688514769369223,96.18667,14428,572
2400,0.13982818498229344,94.253334,14138,862
2430,0.12433800548450134,94.9,14235,765
2460,0.10218172612448899,95.87333,14381,619
2490,0.1465627793369171,93.9,14085,915
2520,0.10718868088761747,95.81333,14372,628
2550,0.10231826818588778,96.15333,14423,577
2580,0.10354266199469135,96.04,14406,594
2610,0.11400886158417722,95.47333,14321,679
2640,0.12023217645830482,95.153336,14273,727
2670,0.09397464757252715,96.240005,14436,564
2700,0.11621816494411193,95.18667,14278,722
2730,0.08736665681605521,96.76,14514,486
2760,0.11485688219885781,95.45333,14318,682
2790,0.12282537209210244,95.12666,14269,731
2820,0.09568028436179285,96.166664,14425,575
2850,0.08526697107467093,96.68667,14503,497
2880,0.10522974166145524,95.68,14352,648
2910,0.13080403696284298,94.986664,14248,752
2940,0.09393751125887892,96.69333,14504,496
2970,0.09235204701337653,96.433334,14465,535
3000,0.12593120405399066,95.04,14256,744
3030,0.0824253947281516,97.04,14556,444
3060,0.11690723220657792,95.3,14295,705
3090,0.09113107987250957,96.83333,14525,475
3120,0.12621489881206333,94.91333,14237,763
3150,0.09814201960695924,96.36667,14455,545
3180,0.10638526860175047,95.86667,14380,620
3210,0.09691537044671275,96.46,14469,531
3240,0.09172862933968542,96.41333,14462,538
3270,0.09761945875719798,96.486664,14473,527
3300,0.09167524245077381,96.46,14469,531
3330,0.11569949457719218,95.066666,14260,740
3360,0.11628971545049123,95.17333,14276,724
3390,0.08767742333851063,96.86667,14530,470
3420,0.08016371873141447,96.98667,14548,452
3450,0.09319232381301114,96.433334,14465,535
3480,0.10586202178712847,95.87333,14381,619
3510,0.10061350186624787,95.96667,14395,605
3540,0.1046904415803973,95.840004,14376,624
3570,0.10601078281931765,95.66,14349,651
3600,0.10476698003234611,95.68667,14353,647
3630,0.09352512153735251,96.12,14418,582
3660,0.0676065235052598,97.68667,14653,347
3690,0.0912332024582856,96.48,14472,528
3720,0.09435164018161366,96.46667,14470,530
3750,0.09659860095497348,96.16,14424,576
3780,0.0974245627562144,96.23333,14435,565
3810,0.06646008413965465,97.68667,14653,347
3840,0.11447875019136632,95.51333,14327,673
3870,0.07343887216043005,97.18,14577,423
3900,0.084074224557005,96.73333,14510,490
3930,0.09139775158639224,96.653336,14498,502
3960,0.08741997603401783,96.82667,14524,476
3990,0.09638316773366203,96.42,14463,537
4020,0.06690782738529757,97.52,14628,372
4050,0.09224405134523235,96.21333,14432,568
4080,0.07356138693761062,97.253334,14588,412
4110,0.08945899597267147,96.58667,14488,512
4140,0.09273376184465408,96.566666,14485,515
4170,0.09671333071163804,96.15333,14423,577
4200,0.07826734620823966,97.066666,14560,440
4230,0.10216247304969166,96.066666,14410,590
4260,0.08045339581374457,97.13333,14570,430
4290,0.059454669060471955,97.92,14688,312
4320,0.07017569504919759,97.433334,14615,385
4350,0.08078985474211083,97.17333,14576,424
4380,0.10515178580882506,95.920006,14388,612
4410,0.05927846151677036,98.14,14721,279
4440,0.08595404296138688,96.71333,14507,493
4470,0.08382826895801258,96.91333,14537,463
4500,0.08588003125834383,96.72,14508,492
4530,0.05740274463450015,98.113335,14717,283
4560,0.05645481603137154,98.05334,14708,292
4590,0.09269204387904131,96.36,14454,546
4620,0.07691959458217805,97.04667,14557,443
4650,0.07449750562786252,97.04667,14557,443
