30,1.2384493629812423,42.906666,3218,4282
60,0.8790319638629787,61.45333,4609,2891
90,0.7926223318963035,69.56,5217,2283
120,0.7628044255674271,69.22666,5192,2308
150,0.7274011210251632,70.520004,5289,2211
180,0.6868935904919281,72.399994,5430,2070
210,0.6604650407890321,76.24,5718,1782
240,0.6394308962847784,77.026665,5777,1723
270,0.6043085293013107,79.64,5973,1527
300,0.5835642321585056,80.78667,6059,1441
330,0.5703563519755158,82.09334,6157,1343
360,0.5539582031046634,82.72,6204,1296
390,0.5366700146154995,83.16,6237,1263
420,0.5137176387854736,84.32,6324,1176
450,0.5041537911379846,84.98667,6374,1126
480,0.49525807570552016,84.88,6366,1134
510,0.47771790629844685,85.30667,6398,1102
540,0.46340622514089136,85.89333,6442,1058
570,0.44257107356239445,87.0,6525,975
600,0.430567841994944,87.37334,6553,947
630,0.4232063830479508,87.86666,6590,910
660,0.4092557340682252,88.333336,6625,875
690,0.4011680028446153,88.986664,6674,826
720,0.39288496008740853,89.200005,6690,810
750,0.3841120474340301,89.01333,6676,824
780,0.37018941262871474,90.33333,6775,725
810,0.366738547932662,89.96001,6747,753
840,0.3491770772108535,90.86667,6815,685
870,0.34386685439442244,90.72,6804,696
900,0.33099674395579165,91.0,6825,675
930,0.3282517092327481,91.21333,6841,659
960,0.3107392805166077,91.26667,6845,655
990,0.3081373657053003,91.58667,6869,631
1020,0.3011363901627368,91.90667,6893,607
1050,0.29488479521939187,91.84,6888,612
1080,0.28638652253863806,92.346664,6926,574
1110,0.2814491176661348,92.066666,6905,595
1140,0.2680356713297178,92.72,6954,546
1170,0.2696149972271764,92.293335,6922,578
1200,0.2612620305876742,92.54667,6941,559
1230,0.25824893108159147,92.666664,6950,550
1260,0.2580972746902502,93.13334,6985,515
1290,0.24570466363906354,93.76,7032,468
1320,0.24483598455685304,93.84,7038,462
1350,0.24620612365301528,93.12,6984,516
1380,0.2429265638513027,93.12,6984,516
1410,0.23064520212672648,93.706665,7028,472
1440,0.2280564253011251,94.2,7065,435
1470,0.228014948579538,94.17334,7063,437
1500,0.2252975711260999,93.4,7005,495
1530,0.21920152842463564,94.14667,7061,439
1560,0.21761509213549762,94.17334,7063,437
1590,0.21156624361041418,94.666664,7100,400
1620,0.2111659372727343,94.10667,7058,442
1650,0.209456298018846,94.520004,7089,411
1680,0.2038445490960702,94.56,7092,408
1710,0.20239383301324274,94.37334,7078,422
1740,0.19729264108302844,94.22666,7067,433
1770,0.1981253798381925,94.293335,7072,428
1800,0.19254752448119206,94.46667,7085,415
1830,0.19060382452608654,94.86667,7115,385
1860,0.18703619606819857,94.64,7098,402
1890,0.18396888738709308,94.89333,7117,383
1920,0.18248780969509013,94.90666,7118,382
1950,0.18384394376844362,94.56,7092,408
1980,0.18151052087936365,94.94666,7121,379
2010,0.1807234817530268,94.68,7101,399
2040,0.1771450351580788,94.94666,7121,379
2070,0.1749535354563772,94.653336,7099,401
2100,0.17136364459241066,95.18667,7139,361
2130,0.17173416744949252,95.4,7155,345
2160,0.1708571968145977,95.17333,7138,362
2190,0.17006751056902694,95.09333,7132,368
2220,0.17004611038195228,95.10667,7133,367
2250,0.16401643298594998,95.26666,7145,355
2280,0.1624273405459132,95.09333,7132,368
2310,0.1564600628532392,95.61333,7171,329
2340,0.158142004991283,95.17333,7138,362
2370,0.15536107139101288,95.17333,7138,362
2400,0.16585562168534024,94.57333,7093,407
2430,0.161032287622235,95.346664,7151,349
2460,0.15787281660402241,94.973335,7123,377
2490,0.1667029696887986,94.986664,7124,376
2520,0.15405895517610044,95.64,7173,327
2550,0.15326388571717275,95.26666,7145,355
2580,0.16850192848822063,94.986664,7124,376
2610,0.15269179351885528,96.36,7227,273
2640,0.14404981475890796,96.42667,7232,268
2670,0.14440674150934296,96.48,7236,264
2700,0.13755733086708008,96.58667,7244,256
2730,0.13648361238380738,96.85333,7264,236
2760,0.13790572212343583,96.16,7212,288
2790,0.1419637411437485,95.96,7197,303
2820,0.1399704539069436,96.37333,7228,272
2850,0.12930911629057712,96.78667,7259,241
2880,0.13279766651149238,96.6,7245,255
2910,0.14145233201279014,96.066666,7205,295
2940,0.12661684279959784,96.57333,7243,257
2970,0.11996463072448102,97.18667,7289,211
3000,0.12628144970128294,96.56,7242,258
3030,0.1265841490276037,96.22667,7217,283
3060,0.12661850954894466,96.49333,7237,263
3090,0.1275854627146325,96.18667,7214,286
3120,0.12931827848273478,96.09333,7207,293
3150,0.12565872011454424,96.33333,7225,275
3180,0.12391851981325658,96.42667,7232,268
3210,0.12065537899075017,96.933334,7270,230
3240,0.11456216459670084,96.94667,7271,229
3270,0.11806574294392275,96.81333,7261,239
3300,0.1252576799487322,96.49333,7237,263
3330,0.11819600411523895,96.73333,7255,245
3360,0.11462557157848233,96.76,7257,243
3390,0.114546985267744,96.89333,7267,233
3420,0.12113155692528658,96.346664,7226,274
3450,0.1240020970744376,96.08,7206,294
3480,0.1299943333387353,95.96,7197,303
3510,0.11444999061194251,96.58667,7244,256
3540,0.11567724185769898,96.520004,7239,261
3570,0.10936044708279165,96.77333,7258,242
3600,0.12068680973993054,96.30666,7223,277
3630,0.1416867095013688,95.46667,7160,340
3660,0.1294908272222435,96.26667,7220,280
3690,0.11591864193952156,96.37333,7228,272
3720,0.11390245423793047,96.48,7236,264
3750,0.10476838167579502,97.05333,7279,221
3780,0.1093406238657027,96.613335,7246,254
3810,0.1151172271641955,96.54667,7241,259
3840,0.10371065053753017,96.90667,7268,232
3870,0.1091316065427808,96.653336,7249,251
3900,0.10751625301438922,96.50667,7238,262
3930,0.11404991866652556,96.58667,7244,256
3960,0.10719821806027839,97.0,7275,225
3990,0.10543600320832924,96.62667,7247,253
4020,0.1043963540831886,96.69333,7252,248
4050,0.11330893994673685,96.56,7242,258
4080,0.11177034447592553,96.706665,7253,247
4110,0.11290273316689134,96.346664,7226,274
4140,0.11304598969107711,96.50667,7238,262
4170,0.10634639744452414,96.89333,7267,233
4200,0.10956820332748546,96.77333,7258,242
4230,0.10034532428441699,96.973335,7273,227
4260,0.09745585374201035,96.90667,7268,232
4290,0.10520091579072136,96.78667,7259,241
4320,0.09407086365971615,97.386665,7304,196
4350,0.10188376374653847,96.706665,7253,247
4380,0.10307561019354068,96.58667,7244,256
4410,0.11805786698705005,96.09333,7207,293
4440,0.10817456196206524,96.77333,7258,242
4470,0.11218097797446375,96.41333,7231,269
4500,0.11853254907555172,96.44,7233,267
4530,0.1113328610146491,96.41333,7231,269
4560,0.1055639092298917,96.76,7257,243
4590,0.09558165553308803,97.30667,7298,202
4620,0.11142939163238873,96.36,7227,273
4650,0.11560881986407724,96.36,7227,273
4680,0.10523718850018941,96.58667,7244,256
4710,0.10867199171537943,96.28,7221,279
4740,0.11788274922246922,95.986664,7199,301
4770,0.11609124320875412,96.066666,7205,295
4800,0.11920476612851388,95.920006,7194,306
4830,0.11558146067640045,96.13333,7210,290
4860,0.10912152772703237,96.09333,7207,293
4890,0.11428316808739324,96.08,7206,294
4920,0.1012977407837997,96.72,7254,246
4950,0.10647442764970874,96.44,7233,267
4980,0.10418480249228215,96.386665,7229,271
5010,0.11669453403838977,95.81333,7186,314
5040,0.1138356389162705,95.77333,7183,317
5070,0.11103059421101359,96.26667,7220,280
5100,0.11330013652151255,96.37333,7228,272
5130,0.10538369939554941,96.58667,7244,256
5160,0.12128809691452759,95.54667,7166,334
5190,0.11384127718374008,96.18667,7214,286
5220,0.11853317231078543,95.72,7179,321
5250,0.11730223900215465,96.09333,7207,293
5280,0.14139841009989665,95.45333,7159,341
5310,0.13853746121024957,95.17333,7138,362
5340,0.1307800803754042,95.666664,7175,325
5370,0.1139897336437103,96.066666,7205,295
5400,0.11400141907364829,95.986664,7199,301
5430,0.11573443149327099,95.81333,7186,314
5460,0.1046724575623172,96.386665,7229,271
5490,0.11606461803752303,95.986664,7199,301
5520,0.1011181601868728,96.746666,7256,244
5550,0.09901423155054304,96.653336,7249,251
5580,0.10584466966133434,96.54667,7241,259
5610,0.10797155620719488,96.41333,7231,269
5640,0.10231368223273098,96.68,7251,249
5670,0.10782693272030491,96.613335,7246,254
5700,0.10395677825330116,96.50667,7238,262
5730,0.10922100835728693,96.32,7224,276
5760,0.09632722956048488,96.78667,7259,241
5790,0.11831604311191365,96.13333,7210,290
5820,0.10228376476120825,96.56,7242,258
5850,0.11723841571459111,96.08,7206,294
5880,0.11618016592011375,96.13333,7210,290
5910,0.1134567013747489,96.16,7212,288
5940,0.10334495715843477,96.6,7245,255
5970,0.14845198225834924,95.560005,7167,333
6000,0.1340224186242779,95.42667,7157,343
6030,0.11618725522639911,96.22667,7217,283
6060,0.14407563407143087,94.6,7095,405
6090,0.12128832649261688,95.44,7158,342
6120,0.11360624502112236,95.81333,7186,314
6150,0.10155919744647011,96.78667,7259,241
6180,0.12450600064735039,95.57333,7168,332
6210,0.11001870946288644,96.200005,7215,285
6240,0.12036294309903392,95.90667,7193,307
6270,0.1284464000643954,95.90667,7193,307
6300,0.11876280958731304,95.85333,7189,311
6330,0.11976286679790855,95.94667,7196,304
6360,0.1168337410820876,95.986664,7199,301
6390,0.12158225192549472,95.82667,7187,313
6420,0.12091786446068925,95.61333,7171,329
6450,0.12115627902946209,95.85333,7189,311
6480,0.12550758100934098,95.46667,7160,340
6510,0.1216499521231392,95.62666,7172,328
6540,0.14311180770285817,95.58667,7169,331
6570,0.11771143382675789,95.69333,7177,323
6600,0.11716036936598134,96.09333,7207,293
6630,0.11027969095776236,96.41333,7231,269
6660,0.10720357819138172,96.200005,7215,285
6690,0.11107342501729249,96.22667,7217,283
6720,0.1138855753971573,96.26667,7220,280
6750,0.13082638352853765,95.05333,7129,371
6780,0.11354832917804489,95.933334,7195,305
6810,0.13309434790650826,95.200005,7140,360
6840,0.12991359487587775,95.46667,7160,340
6870,0.12498983491043476,95.65333,7174,326
6900,0.12232525501413595,95.54667,7166,334
6930,0.1009298961036859,96.46667,7235,265
6960,0.12071985314604945,95.65333,7174,326
6990,0.12901985493064336,95.48,7161,339
7020,0.10380698175930445,96.46667,7235,265
