30,1.1480886035640552,45.16,3387,4113
60,0.9793573309581107,52.94667,3971,3529
90,0.8771147793585077,58.213337,4366,3134
120,0.7597989782775546,64.65333,4849,2651
150,0.6324074938106037,71.16,5337,2163
180,0.6331572597400317,71.68,5376,2124
210,0.5682535413472277,75.26666,5645,1855
240,0.5483186769560943,77.13333,5785,1715
270,0.46539447180707916,81.22666,6092,1408
300,0.44480853384960056,81.54666,6116,1384
330,0.4469340106232123,81.026665,6077,1423
360,0.40169484091647534,82.920006,6219,1281
390,0.39795243802970975,82.81333,6211,1289
420,0.3653739665304455,85.02667,6377,1123
450,0.38539378149283704,83.01333,6226,1274
480,0.35103740400756966,85.066666,6380,1120
510,0.3155148588391944,86.386665,6479,1021
540,0.29488245997500934,88.0,6600,900
570,0.3151103834667514,86.293335,6472,1028
600,0.27381279121536045,89.08,6681,819
630,0.3018066600700808,87.253334,6544,956
660,0.25260712462827567,89.840004,6738,762
690,0.23845954657561685,91.066666,6830,670
720,0.2546615205703621,90.05333,6754,746
750,0.2314461130759887,90.6,6795,705
780,0.26604056512139734,89.21333,6691,809
810,0.24229400683373692,89.97333,6748,752
840,0.22223617967264345,91.09333,6832,668
870,0.23442446502828335,89.880005,6741,759
900,0.20647539176675628,92.05334,6904,596
930,0.19383250362067808,92.49333,6937,563
960,0.23621581214040155,90.82667,6812,688
990,0.21304567981958045,91.70667,6878,622
1020,0.19131957053823945,92.24,6918,582
1050,0.20569701910618446,91.399994,6855,645
1080,0.1980889844984994,91.613335,6871,629
1110,0.20456683052900287,91.54667,6866,634
1140,0.19869139955259577,91.92,6894,606
1170,0.17789918040644853,92.90666,6968,532
1200,0.16476841843071585,93.78667,7034,466
1230,0.18093075490344968,92.58667,6944,556
1260,0.14688194662136306,94.8,7110,390
1290,0.19853551880508177,91.62667,6872,628
1320,0.14619825124570368,94.613335,7096,404
1350,0.1656713256758338,93.333336,7000,500
1380,0.1337350995601742,95.200005,7140,360
1410,0.1853533268625127,92.386665,6929,571
1440,0.16223993149112734,93.76,7032,468
1470,0.1464910792249026,94.41334,7081,419
1500,0.14868872716296766,94.48,7086,414
1530,0.1803180578080471,92.89333,6967,533
1560,0.12426924992516622,95.53333,7165,335
1590,0.1291243562521353,95.50667,7163,337
1620,0.19521191510724542,92.02667,6902,598
1650,0.15441820127948294,93.76,7032,468
1680,0.1553267533503572,93.72,7029,471
1710,0.12192956180438354,95.65333,7174,326
1740,0.14699184878115493,94.14667,7061,439
1770,0.10674656635465493,96.46667,7235,265
1800,0.13004656387895674,95.17333,7138,362
1830,0.12755464351000093,95.22667,7142,358
1860,0.15231845248805342,94.28,7071,429
1890,0.13610694984274474,94.520004,7089,411
1920,0.15609050078669476,93.49333,7012,488
1950,0.11807356787908531,95.45333,7159,341
1980,0.15040297067151925,93.92,7044,456
2010,0.15112403431784913,94.09334,7057,443
2040,0.11892332182666046,95.6,7170,330
2070,0.1410801232971748,94.46667,7085,415
2100,0.13592194227797497,94.840004,7113,387
2130,0.13296640406611526,94.82667,7112,388
2160,0.12061442692054232,95.22667,7142,358
2190,0.11820035238723059,95.65333,7174,326
2220,0.11281152313442525,95.62666,7172,328
2250,0.13604024427367584,95.0,7125,375
2280,0.12546158082869968,95.4,7155,345
2310,0.12111734425212069,95.53333,7165,335
2340,0.10502609151090561,96.30666,7223,277
2370,0.11182134277714424,95.840004,7188,312
2400,0.11164038979184608,96.17333,7213,287
2430,0.1063222993636839,96.13333,7210,290
2460,0.12220154054715357,95.53333,7165,335
2490,0.09188707650727469,96.89333,7267,233
2520,0.11138597610911304,95.840004,7188,312
2550,0.09531562159859937,96.84,7263,237
2580,0.09094971441072443,96.98667,7274,226
2610,0.1358229872808702,94.77333,7108,392
2640,0.11802936648839074,95.746666,7181,319
2670,0.1003078443809696,96.49333,7237,263
2700,0.13923133426280537,94.94666,7121,379
2730,0.12441627211276021,95.90667,7193,307
2760,0.09595051095535823,96.50667,7238,262
2790,0.08670230287615936,97.13333,7285,215
2820,0.0995590527997831,96.22667,7217,283
2850,0.1002170008031589,96.520004,7239,261
2880,0.0940969155135564,96.706665,7253,247
2910,0.0821350901349843,97.58667,7319,181
2940,0.09408883217636393,96.73333,7255,245
2970,0.08795473417869662,97.10667,7283,217
3000,0.09762671712291812,96.666664,7250,250
3030,0.10190857143456943,96.253334,7219,281
3060,0.11188618500090321,96.10667,7208,292
3090,0.10490097050632177,96.56,7242,258
3120,0.09747102709253733,96.49333,7237,263
3150,0.12232987020511923,95.58667,7169,331
3180,0.11109054916806706,96.05333,7204,296
3210,0.08088647031217426,97.46667,7310,190
3240,0.07130572831828431,97.90667,7343,157
3270,0.10035974088482691,96.613335,7246,254
3300,0.08250035810501351,97.26667,7295,205
3330,0.09272108097751056,96.72,7254,246
3360,0.08869784176132704,97.05333,7279,221
3390,0.07324266608087908,97.90667,7343,157
3420,0.08707001707367394,97.01333,7276,224
3450,0.09764716827015786,96.84,7263,237
3480,0.09323868223780846,96.89333,7267,233
3510,0.07525575590497399,97.69334,7327,173
3540,0.06639288874784555,98.119995,7359,141
3570,0.09041085731893977,96.88,7266,234
3600,0.0714212024721135,97.746666,7331,169
3630,0.06426067445410395,98.32,7374,126
3660,0.08350983793831736,97.119995,7284,216
3690,0.06705177641806165,98.02667,7352,148
3720,0.10936641924623021,96.346664,7226,274
3750,0.07923354135260165,97.36,7302,198
3780,0.0750976766874143,97.73333,7330,170
3810,0.11880173620594059,95.76,7182,318
3840,0.10311124139546902,96.49333,7237,263
3870,0.09815322202186907,96.41333,7231,269
3900,0.08108959245555467,97.41333,7306,194
3930,0.07473352826564288,97.479996,7311,189
3960,0.0943560335663863,96.72,7254,246
3990,0.07440952783467374,97.653336,7324,176
4020,0.073984540037983,97.70667,7328,172
4050,0.08287671760691571,97.54667,7316,184
4080,0.07050526641535124,98.02667,7352,148
4110,0.11892174285205147,95.86667,7190,310
4140,0.06703445710077366,97.98667,7349,151
4170,0.08153822916212114,97.45333,7309,191
4200,0.07156455298670218,97.64,7323,177
4230,0.07705798472633199,97.52,7314,186
4260,0.0743334565058998,97.78667,7334,166
4290,0.06978170045968025,97.68,7326,174
4320,0.09258872763427763,96.746666,7256,244
4350,0.07849517719094587,97.30667,7298,202
4380,0.07338661876280164,97.64,7323,177
4410,0.06981881365452525,97.82667,7337,163
4440,0.07572172592150381,97.50667,7313,187
4470,0.0725190595511299,97.62667,7322,178
4500,0.06056142553280411,98.32,7374,126
4530,0.08354429687162741,97.10667,7283,217
4560,0.08579608833792321,97.21333,7291,209
4590,0.061311497109157426,98.14667,7361,139
4620,0.07659163764044635,97.50667,7313,187
4650,0.07349508188417457,97.58667,7319,181
4680,0.08356652000361176,97.41333,7306,194
4710,0.05703479608792159,98.37334,7378,122
4740,0.07012419241446681,97.6,7320,180
4770,0.0722712882462935,97.57333,7318,182
4800,0.0648555887144876,98.05334,7354,146
4830,0.07184026979674094,97.82667,7337,163
4860,0.08760142282409146,96.933334,7270,230
4890,0.08442284157371707,97.14667,7286,214
4920,0.05108383873648166,98.86667,7415,85
4950,0.06887676892197227,97.69334,7327,173
4980,0.06879621752583495,97.66667,7325,175
5010,0.07610435995659634,97.45333,7309,191
5040,0.06804511621341103,97.70667,7328,172
5070,0.06512307406702492,97.973335,7348,152
5100,0.04729347756462656,98.89333,7417,83
5130,0.06391522690814384,98.10667,7358,142
5160,0.08132309959676423,97.253334,7294,206
5190,0.07188939794215966,97.479996,7311,189
5220,0.07265611899857867,97.71999,7329,171
5250,0.05323410932066718,98.49333,7387,113
5280,0.06294266847447073,98.079994,7356,144
5310,0.0777580418484914,97.37333,7303,197
5340,0.0679511816641801,97.613335,7321,179
5370,0.07674531504434048,97.439995,7308,192
5400,0.058730146487741094,98.2,7365,135
