30,1.0223489490102093,53.526665,8029,6971
60,0.7851097565746499,67.4,10110,4890
90,0.7266931148191776,70.54,10581,4419
120,0.6856799306310172,73.22667,10984,4016
150,0.6385236599657443,76.12666,11419,3581
180,0.6089344314110315,78.53333,11780,3220
210,0.5714520871558327,81.58666,12238,2762
240,0.5390926918325697,83.27333,12491,2509
270,0.5012382325327578,84.41333,12662,2338
300,0.47679685209085476,85.10667,12766,2234
330,0.43254095721012725,87.04,13056,1944
360,0.40935166806733453,87.1,13065,1935
390,0.38166352312071017,88.77333,13316,1684
420,0.36548659277504675,89.78001,13467,1533
450,0.35299035952751184,90.55333,13583,1417
480,0.33605580835089277,90.753334,13613,1387
510,0.3160744340446045,91.41333,13712,1288
540,0.29696425749380306,91.386665,13708,1292
570,0.2887317771967118,91.80667,13771,1229
600,0.28324480346918945,91.72667,13759,1241
630,0.26382605351163185,92.72667,13909,1091
660,0.25787308923821756,92.52,13878,1122
690,0.2435301161084586,93.386665,14008,992
720,0.2414046230694309,93.41334,14012,988
750,0.23590173369025916,93.10667,13966,1034
780,0.224974886081064,93.54,14031,969
810,0.22063326299790034,94.013336,14102,898
840,0.2105796265028694,94.22,14133,867
870,0.2057845380303542,94.27334,14141,859
900,0.19788503578955066,94.62,14193,807
930,0.19981923405342963,94.78,14217,783
960,0.20109247676360434,94.486664,14173,827
990,0.19466006331143873,94.5,14175,825
1020,0.18606587686376258,94.9,14235,765
1050,0.1805132601571178,95.060005,14259,741
1080,0.17903210811992354,95.05333,14258,742
1110,0.1760954704513215,95.013336,14252,748
1140,0.17606799001282578,94.94666,14242,758
1170,0.17431382988676228,95.28667,14293,707
1200,0.1725875813410807,94.94666,14242,758
1230,0.16780478066798551,95.113335,14267,733
1260,0.16357717546096748,95.486664,14323,677
1290,0.16305667978250063,95.12666,14269,731
1320,0.15472754434434974,95.753334,14363,637
1350,0.16170822999842607,95.17333,14276,724
1380,0.1567116770134682,95.36667,14305,695
1410,0.15332304327626664,95.51333,14327,673
1440,0.150004751388717,95.746666,14362,638
1470,0.15319177961107883,95.67333,14351,649
1500,0.1491929107878673,95.76,14364,636
1530,0.14993405085371567,95.55333,14333,667
1560,0.14458147287429737,95.68,14352,648
1590,0.14476261805403526,95.78667,14368,632
1620,0.14164847966571176,95.78667,14368,632
1650,0.1396523406775535,95.840004,14376,624
1680,0.13667410632869964,96.09333,14414,586
1710,0.1344973137375321,96.100006,14415,585
1740,0.13588992682792983,95.95333,14393,607
1770,0.1350292836151828,95.886665,14383,617
1800,0.13662843673832098,96.01333,14402,598
1830,0.13593174864687527,96.04,14406,594
1860,0.13212647979147019,95.99333,14399,601
1890,0.12961442739625811,96.23333,14435,565
1920,0.1342803688036221,95.99333,14399,601
1950,0.13329462549540402,95.90667,14386,614
1980,0.12874512209500333,96.44,14466,534
2010,0.12689920132359392,96.380005,14457,543
2040,0.12962826539657807,96.00667,14401,599
2070,0.1293607205172563,95.94667,14392,608
2100,0.12427361206689194,96.113335,14417,583
2130,0.1288588973345265,96.066666,14410,590
2160,0.12480837652074404,96.4,14460,540
2190,0.11792763116561969,96.566666,14485,515
2220,0.12420755513718704,96.01333,14402,598
2250,0.11802827053144903,96.653336,14498,502
2280,0.12369951954948781,96.246666,14437,563
2310,0.11862117569382562,96.28667,14443,557
2340,0.12084755894634171,96.240005,14436,564
2370,0.11692365288156871,96.473335,14471,529
2400,0.12081853461660036,96.36,14454,546
2430,0.12235676427832966,96.16,14424,576
2460,0.11550623624860765,96.46667,14470,530
2490,0.12415426944959805,96.200005,14430,570
2520,0.11359901589151708,96.48,14472,528
2550,0.11166167765956092,96.73333,14510,490
2580,0.11114386177541973,96.69333,14504,496
2610,0.11151440265844594,96.706665,14506,494
2640,0.11815885239438245,96.46,14469,531
2670,0.11145066828712279,96.66,14499,501
2700,0.10850235107459426,97.026665,14554,446
2730,0.1153604421457219,96.26667,14440,560
2760,0.11132530009256529,96.39333,14459,541
2790,0.11332949118334071,96.44,14466,534
2820,0.10691906431342228,96.76,14514,486
2850,0.10830969285646029,96.94667,14542,458
2880,0.11106327813087877,96.48,14472,528
2910,0.11244392913250084,96.72667,14509,491
2940,0.10970743611966677,96.57333,14486,514
2970,0.10911578662538533,96.846664,14527,473
3000,0.10591721229269505,96.63333,14495,505
3030,0.10792298417496289,96.80667,14521,479
3060,0.10500011070906597,96.68,14502,498
3090,0.10460101282696875,96.68667,14503,497
3120,0.10814449014663595,96.73333,14510,490
3150,0.10475870367058342,96.746666,14512,488
3180,0.10628260891557896,96.67333,14501,499
3210,0.10069261542732266,96.886665,14533,467
3240,0.10469983615174555,96.566666,14485,515
3270,0.09901986909470564,96.979996,14547,453
3300,0.10531450556213315,96.76,14514,486
3330,0.1001043851132623,96.846664,14527,473
3360,0.10041765378545674,96.82,14523,477
3390,0.10291754603370697,96.85333,14528,472
3420,0.10097057950309331,96.92667,14539,461
3450,0.10328053221160612,96.666664,14500,500
3480,0.10188928580682406,96.90667,14536,464
3510,0.09920419653192153,96.99333,14549,451
3540,0.09912864386987667,96.92667,14539,461
3570,0.10362022693943689,96.793335,14519,481
3600,0.10203395187949633,96.9,14535,465
3630,0.10085791436564068,96.7,14505,495
3660,0.09416398938805391,97.09333,14564,436
3690,0.09587745318671662,97.03333,14555,445
3720,0.0971780884604933,97.1,14565,435
3750,0.10002114740295696,96.94,14541,459
3780,0.09730188565958547,97.1,14565,435
3810,0.09382576145609818,97.18667,14578,422
3840,0.10048731815499104,96.72667,14509,491
3870,0.09842911370564698,96.82,14523,477
3900,0.09631087897360732,96.95333,14543,457
3930,0.09613647178863173,96.94,14541,459
3960,0.09475806204107753,96.90667,14536,464
3990,0.09384462372734714,97.113335,14567,433
4020,0.0958253152766926,96.92,14538,462
4050,0.09420184554558801,97.04667,14557,443
4080,0.09317903043971426,97.04,14556,444
4110,0.09374945231180395,97.23333,14585,415
4140,0.09490344652785349,97.14667,14572,428
4170,0.09561439973552457,97.026665,14554,446
4200,0.09407614539445881,97.2,14580,420
4230,0.0984047128124313,96.76,14514,486
4260,0.09186349286270375,97.18,14577,423
4290,0.09060228944490813,97.14667,14572,428
4320,0.08847908215733068,97.39333,14609,391
4350,0.09013645283033037,97.259995,14589,411
4380,0.09299732139885049,97.32667,14599,401
4410,0.0928825021697583,97.17333,14576,424
4440,0.08731657773203165,97.253334,14588,412
4470,0.09166023277651374,97.119995,14568,432
