30,1.1551527729098543,42.02,12606,17394
60,1.0460897203195365,47.97,14391,15609
90,0.9675773868413132,51.636665,15491,14509
120,0.9552311127194497,50.75333,15226,14774
150,0.9048159134438392,52.38,15714,14286
180,0.8061420143205617,60.156666,18047,11953
210,0.7467479874462466,65.65667,19697,10303
240,0.6152762566305523,75.21667,22565,7435
270,0.6155688987741799,74.54666,22364,7636
300,0.5419634084260933,77.723335,23317,6683
330,0.5224573478449438,78.509995,23553,6447
360,0.49112111028290784,79.996666,23999,6001
390,0.44620994946200376,81.590004,24477,5523
420,0.42780593212984674,82.32667,24698,5302
450,0.40280059547564023,83.33333,25000,5000
480,0.382054776098143,84.4,25320,4680
510,0.3828593063073153,83.526665,25058,4942
540,0.3597139075743768,84.88333,25465,4535
570,0.33612690692438024,86.48334,25945,4055
600,0.32407436781099563,86.61667,25985,4015
630,0.33574644791680164,85.48333,25645,4355
660,0.3091977804051904,87.12,26136,3864
690,0.29970563906598485,87.91334,26374,3626
720,0.29833982178289414,87.00667,26102,3898
750,0.2850305425353748,87.91,26373,3627
780,0.2743561813928768,88.17333,26452,3548
810,0.26847205533964874,88.60333,26581,3419
840,0.2637166096173415,88.98333,26695,3305
870,0.2608652377498308,88.886665,26666,3334
900,0.23760053780224516,90.63333,27190,2810
930,0.2480967532609018,89.89667,26969,3031
960,0.2507612254353723,89.136665,26741,3259
990,0.24582926518853782,89.55666,26867,3133
1020,0.23970045631392864,89.57,26871,3129
1050,0.22259103213520387,90.47667,27143,2857
1080,0.22765353975040833,90.05,27015,2985
1110,0.18577016572414415,93.083336,27925,2075
1140,0.24104764096985595,89.46667,26840,3160
1170,0.19574488733215692,92.27,27681,2319
1200,0.21429362560489154,90.66333,27199,2801
1230,0.21483521162301103,90.846664,27254,2746
1260,0.2127859924244121,90.64,27192,2808
1290,0.1770054714428309,92.92,27876,2124
1320,0.18246507355767508,92.85667,27857,2143
1350,0.20716921278679515,91.159996,27348,2652
1380,0.197950962234002,91.87334,27562,2438
1410,0.18956062034983936,91.75,27525,2475
1440,0.1934574714946124,91.46333,27439,2561
1470,0.20061391238094092,91.21,27363,2637
1500,0.18197308487038633,92.36,27708,2292
1530,0.1670211981150159,93.26666,27980,2020
1560,0.18845621840604881,91.77667,27533,2467
1590,0.1774678118542229,92.27,27681,2319
1620,0.1726752647335041,92.7,27810,2190
1650,0.1738878671457336,92.96333,27889,2111
1680,0.17337828724033297,92.86667,27860,2140
1710,0.14367382775111473,94.63333,28390,1610
1740,0.18029412354405355,92.51,27753,2247
1770,0.15039176777079818,93.97,28191,1809
1800,0.1552020840335211,93.74334,28123,1877
1830,0.17088626271470939,92.736664,27821,2179
1860,0.17296833495872502,92.81333,27844,2156
1890,0.14491027828372133,94.17334,28252,1748
1920,0.16280272649771327,93.15666,27947,2053
1950,0.1472814631252566,94.183334,28255,1745
1980,0.13910146198147894,94.496666,28349,1651
2010,0.13841461235344887,94.48334,28345,1655
2040,0.15657522602173937,93.41334,28024,1976
2070,0.1373804249806727,94.60333,28381,1619
2100,0.15346491288912747,93.47666,28043,1957
2130,0.15281714497860696,93.62334,28087,1913
2160,0.15970803621186028,93.066666,27920,2080
2190,0.14532165768904848,93.89333,28168,1832
2220,0.13458914676967954,94.456665,28337,1663
2250,0.14770116386915358,93.67333,28102,1898
2280,0.1428426158579447,94.06334,28219,1781
2310,0.12540325708280187,94.93,28479,1521
2340,0.12796598112366112,94.833336,28450,1550
2370,0.12672602187532317,94.99,28497,1503
2400,0.139649151390305,94.07,28221,1779
2430,0.14587397875555083,94.096664,28229,1771
2460,0.1145909493023355,95.736664,28721,1279
2490,0.10977331501436004,96.19,28857,1143
2520,0.1591816765184794,93.07667,27923,2077
2550,0.10825067554140035,96.31333,28894,1106
2580,0.12446206729967384,95.060005,28518,1482
2610,0.1564820465892796,93.34,28002,1998
2640,0.10500173762566035,96.37333,28912,1088
2670,0.11444789721287478,95.69,28707,1293
2700,0.12694753685995136,94.87334,28462,1538
2730,0.12271420653955363,95.29,28587,1413
2760,0.1322909949942157,94.456665,28337,1663
2790,0.11516596002437955,95.72,28716,1284
2820,0.14112719095763665,93.85667,28157,1843
2850,0.11137996989481197,95.83333,28750,1250
2880,0.12851615336791644,94.40666,28322,1678
2910,0.11864196125154733,95.28,28584,1416
2940,0.13753398011280052,94.513336,28354,1646
2970,0.10728785990955539,95.956665,28787,1213
3000,0.10438174139921925,96.14,28842,1158
3030,0.11499723142510404,95.30666,28592,1408
3060,0.1342951839260837,94.12334,28237,1763
3090,0.13036017953355025,94.65666,28397,1603
3120,0.10330955015717687,96.25667,28877,1123
3150,0.10146642164225068,96.24333,28873,1127
3180,0.10517693402866149,95.79333,28738,1262
3210,0.15575269555956686,93.42667,28028,1972
3240,0.10159308761099116,96.22667,28868,1132
3270,0.1090439927368231,95.9,28770,1230
3300,0.10027989381821077,96.14667,28844,1156
3330,0.11928870229376112,94.96,28488,1512
3360,0.1060999840125545,95.916664,28775,1225
3390,0.09639771561650225,96.49333,28948,1052
3420,0.10903691395451887,95.79,28737,1263
3450,0.09945385384021806,96.276665,28883,1117
3480,0.093558820587182,96.62667,28988,1012
3510,0.09021884234182552,96.96667,29090,910
3540,0.10985702492704741,95.47333,28642,1358
3570,0.11783114411018446,94.96333,28489,1511
3600,0.10784248452509451,95.67667,28703,1297
3630,0.08876405175500181,96.87,29061,939
3660,0.10585531656617601,96.12,28836,1164
3690,0.10642772991149335,96.020004,28806,1194
3720,0.09283239142338702,96.58,28974,1026
3750,0.11604786820989034,95.09333,28528,1472
3780,0.0878281122252269,96.93,29079,921
3810,0.12119011012200334,94.816666,28445,1555
3840,0.09884467616191636,96.22333,28867,1133
3870,0.10681636092420858,95.89333,28768,1232
3900,0.08799056079888644,96.95333,29086,914
3930,0.08202073886792598,97.253334,29176,824
3960,0.1030922409894921,95.96333,28789,1211
3990,0.09695083304790911,96.32333,28897,1103
4020,0.11727937219627957,95.27333,28582,1418
4050,0.11573209363712421,95.15,28545,1455
4080,0.08539735305721621,97.21,29163,837
4110,0.09083159865836853,96.75667,29027,973
4140,0.08447162861970155,97.09,29127,873
4170,0.10365946999264045,95.71,28713,1287
4200,0.09205390805440526,96.450005,28935,1065
4230,0.11424572478469483,95.72667,28718,1282
4260,0.08258707016363274,97.2,29160,840
4290,0.08292399835620243,97.10333,29131,869
4320,0.08408783364582563,97.01,29103,897
4350,0.0860575658701517,96.933334,29080,920
4380,0.11400471232860655,95.23,28569,1431
4410,0.10502064606066601,95.88333,28765,1235
4440,0.08835757844281544,96.52333,28957,1043
4470,0.07913785933334137,97.24,29172,828
4500,0.07756659188747476,97.41333,29224,776
4530,0.08442133901129621,96.92667,29078,922
4560,0.08566147371278446,96.92667,29078,922
4590,0.07535669826100697,97.68,29304,696
4620,0.09596687010142575,96.32667,28898,1102
4650,0.09912886853746548,96.28667,28886,1114
4680,0.07793629639724357,97.46,29238,762
4710,0.07354688314251065,97.67333,29302,698
4740,0.08802566700321611,96.653336,28996,1004
